1 661.89 -0.33 0.08 -28.05
1 657.21 -0.27 0.13 -28.11
1 647.81 -0.27 0.09 -28.27
1 638.38 -0.38 0.08 -28.26
1 633.69 -0.45 0.0 -27.99
1 629.06 -0.52 -0.02 -27.62
1 624.48 -0.59 -0.02 -27.36
1 620.84 -0.63 -0.02 -27.22
1 616.32 -0.69 -0.01 -27.12
1 611.8 -0.74 -0.01 -27.09
1 608.19 -0.77 -0.02 -27.09
1 603.67 -0.81 -0.02 -27.14
1 594.59 -0.88 -0.02 -27.33
1 590.03 -0.91 -0.02 -27.45
1 585.91 -0.93 -0.02 -27.54
1 579.92 -0.95 -0.02 -27.67
1 575.3 -0.96 -0.01 -27.75
1 566.02 -0.97 -0.02 -27.97
1 560.41 -0.96 -0.02 -28.08
1 555.73 -0.95 -0.02 -28.14
1 551.97 -0.94 -0.02 -28.17
1 547.28 -0.91 -0.02 -28.13
1 542.6 -0.88 -0.01 -27.96
1 537.97 -0.85 -0.02 -27.68
1 533.37 -0.81 0.02 -27.48
1 529.72 -0.79 0.06 -27.39
1 525.16 -0.78 0.08 -27.33
1 520.6 -0.78 0.0 -27.33
1 516.05 -0.78 -0.02 -27.36
1 511.48 -0.78 -0.02 -27.44
1 501.38 -0.76 0.04 -27.65
1 498.61 -0.76 0.04 -27.71
1 493.06 -0.78 -0.02 -27.78
1 483.8 -0.78 -0.02 -27.8
1 479.16 -0.78 0.04 -27.83
1 474.52 -0.78 0.04 -27.89
1 469.86 -0.79 -0.01 -27.98
1 465.19 -0.79 -0.02 -28.08
1 459.57 -0.79 0.04 -28.18
1 455.81 -0.79 0.04 -28.23
1 451.1 -0.8 0.04 -28.2
1 446.41 -0.81 -0.02 -28.18
1 442.65 -0.82 -0.02 -28.19
1 437.01 -0.82 -0.02 -28.25
1 432.29 -0.81 0.01 -28.31
1 427.57 -0.81 0.04 -28.34
1 421.91 -0.83 -0.01 -28.29
1 412.54 -0.83 -0.02 -27.89
1 404.23 -0.82 0.03 -27.53
1 399.65 -0.83 0.03 -27.41
1 395.09 -0.84 -0.01 -27.35
1 390.53 -0.85 -0.01 -27.36
1 385.97 -0.85 -0.02 -27.4
1 382.31 -0.84 -0.02 -27.46
1 376.81 -0.83 -0.02 -27.59
1 373.12 -0.82 -0.02 -27.69
1 368.49 -0.81 0.04 -27.82
1 363.85 -0.8 0.04 -27.93
1 359.18 -0.8 0.04 -28.02
1 354.98 -0.81 -0.01 -28.06
1 349.83 -0.81 -0.02 -28.08
1 345.15 -0.8 0.02 -28.06
1 336.75 -0.8 -0.0 -27.98
1 323.71 -0.79 -0.02 -27.93
1 319.05 -0.79 0.04 -27.95
1 314.39 -0.79 0.04 -28.0
1 309.72 -0.81 0.04 -28.07
1 305.03 -0.83 -0.02 -28.14
1 295.64 -0.84 -0.02 -28.23
1 290.93 -0.84 -0.02 -28.23
1 286.23 -0.83 0.02 -28.21
1 281.53 -0.83 0.04 -28.18
1 275.9 -0.84 -0.01 -28.13
1 272.15 -0.84 -0.02 -28.09
1 267.47 -0.84 -0.02 -28.06
1 258.12 -0.83 0.04 -28.06
1 253.44 -0.84 0.0 -28.08
1 249.7 -0.84 -0.02 -28.11
1 240.31 -0.82 -0.02 -28.19
1 235.61 -0.81 0.04 -28.22
1 230.91 -0.81 0.04 -28.15
1 226.24 -0.81 -0.01 -27.87
1 217.05 -0.8 -0.02 -27.37
1 213.4 -0.79 -0.02 -27.27
1 208.87 -0.78 0.04 -27.2
1 204.33 -0.79 -0.01 -27.2
1 199.8 -0.78 -0.02 -27.24
1 195.25 -0.77 -0.01 -27.31
1 190.69 -0.76 0.03 -27.41
1 187.03 -0.76 0.03 -27.49
1 181.52 -0.76 -0.02 -27.62
1 176.91 -0.76 -0.02 -27.7
1 173.21 -0.75 -0.02 -27.76
1 168.58 -0.73 0.03 -27.83
1 163.94 -0.73 0.04 -27.93
1 159.27 -0.73 -0.02 -28.03
1 154.59 -0.73 -0.02 -28.12
1 149.9 -0.72 -0.02 -28.18
1 145.2 -0.71 -0.02 -28.21
1 140.5 -0.69 0.04 -28.13
1 136.77 -0.69 0.04 -27.9
1 132.15 -0.69 0.03 -27.59
1 127.57 -0.69 -0.01 -27.38
1 123.02 -0.69 -0.02 -27.26
1 118.48 -0.68 -0.02 -27.21
1 113.94 -0.67 0.03 -27.21
1 110.31 -0.66 0.04 -27.24
1 101.21 -0.66 -0.02 -27.41
1 95.71 -0.64 0.02 -27.54
1 91.11 -0.64 0.04 -27.64
1 86.5 -0.65 0.0 -27.72
1 81.87 -0.65 -0.02 -27.79
1 77.23 -0.64 -0.02 -27.89
1 72.58 -0.63 -0.02 -27.99
1 67.9 -0.63 0.04 -28.09
1 59.46 -0.63 -0.02 -28.19
1 53.82 -0.63 -0.02 -28.14
1 50.08 -0.62 -0.02 -28.03
1 44.49 -0.62 0.04 -27.9
1 39.84 -0.61 -0.02 -27.87
1 35.2 -0.61 0.03 -27.88
1 31.48 -0.62 0.08 -27.92
1 22.14 -0.71 0.08 -28.09
1 18.39 -0.78 0.08 -28.16
1 12.75 -0.92 0.15 -28.25
1 8.99 -1.07 0.18 -28.28
1 4.28 -1.29 0.18 -28.27
1 -0.42 -1.57 0.22 -28.21
1 -5.1 -1.92 0.26 -28.15
1 -9.76 -2.35 0.28 -28.08
1 -14.41 -2.87 0.28 -28.04
1 -19.05 -3.45 0.24 -28.02
1 -23.67 -4.1 0.18 -28.03
1 -29.22 -4.95 0.23 -28.08
1 -33.84 -5.74 0.23 -28.14
1 -38.45 -6.6 0.23 -28.13
1 -43.04 -7.51 0.15 -28.04
1 -46.69 -8.28 0.23 -27.98
1 -51.24 -9.31 0.23 -27.97
1 -55.77 -10.39 0.19 -27.99
1 -60.3 -11.53 0.23 -28.06
1 -64.83 -12.74 0.23 -28.14
1 -68.44 -13.76 0.23 -28.21
1 -72.96 -15.09 0.18 -28.28
1 -77.47 -16.48 0.23 -28.31
1 -81.96 -17.93 0.23 -28.27
1 -86.41 -19.44 0.23 -28.19
1 -90.83 -21.01 0.21 -28.12
1 -95.22 -22.63 0.23 -28.07
1 -99.59 -24.31 0.23 -28.04
1 -103.92 -26.06 0.21 -28.05
1 -107.38 -27.5 0.24 -28.08
1 -111.68 -29.35 0.16 -28.13
1 -115.97 -31.26 0.22 -28.19
1 -120.24 -33.23 0.23 -28.25
1 -123.64 -34.86 0.23 -28.28
1 -132.02 -39.07 0.23 -27.93
1 -136.11 -41.24 0.23 -27.6
1 -140.12 -43.44 0.23 -27.38
1 -143.29 -45.23 0.24 -27.27
1 -147.21 -47.52 0.21 -27.19
1 -154.94 -52.25 0.17 -27.21
1 -158.77 -54.7 0.19 -27.28
1 -162.57 -57.19 0.23 -27.37
1 -167.11 -60.28 0.23 -27.52
1 -170.88 -62.92 0.23 -27.67
1 -174.61 -65.65 0.28 -27.81
1 -178.32 -68.45 0.28 -27.92
1 -181.98 -71.33 0.33 -27.92
1 -185.56 -74.28 0.35 -27.81
1 -189.06 -77.3 0.41 -27.68
1 -192.47 -80.4 0.42 -27.58
1 -195.78 -83.58 0.44 -27.54
1 -199.0 -86.85 0.41 -27.56
1 -201.52 -89.53 0.43 -27.59
1 -204.59 -92.96 0.43 -27.64
1 -207.57 -96.48 0.44 -27.69
1 -213.82 -104.51 0.36 -27.79
1 -215.99 -107.51 0.36 -27.83
1 -218.62 -111.33 0.38 -27.84
1 -221.41 -115.6 0.31 -27.8
1 -223.62 -119.13 0.26 -27.73
1 -226.0 -123.09 0.29 -27.66
1 -227.85 -126.27 0.28 -27.61
1 -230.1 -130.28 0.25 -27.58
1 -232.28 -134.33 0.24 -27.58
1 -234.41 -138.41 0.18 -27.59
1 -236.49 -142.51 0.18 -27.64
1 -238.53 -146.65 0.18 -27.73
1 -240.53 -150.82 0.18 -27.83
1 -242.5 -155.04 0.19 -27.94
1 -244.43 -159.28 0.06 -28.05
1 -246.35 -163.55 0.08 -28.12
1 -248.24 -167.84 0.08 -28.07
1 -249.74 -171.26 0.08 -27.98
