1 313.64 361.08 -0.2 -21.6
1 314.29 357.54 -0.2 -21.61
1 314.9 353.98 -0.19 -21.64
1 315.46 350.42 -0.2 -21.69
1 315.99 346.83 -0.2 -21.76
1 316.47 343.23 -0.19 -21.82
1 316.92 339.62 -0.1 -21.88
1 317.36 336.0 -0.13 -21.91
1 318.46 325.1 -0.18 -21.88
1 318.75 321.47 -0.14 -21.84
1 319.2 314.94 -0.15 -21.79
1 319.6 306.96 -0.14 -21.8
1 319.71 304.05 -0.15 -21.83
1 319.81 300.41 -0.19 -21.86
1 319.86 296.77 -0.18 -21.86
1 319.87 293.13 -0.2 -21.84
1 319.83 289.49 -0.2 -21.81
1 319.75 285.86 -0.23 -21.78
1 319.57 281.51 -0.25 -21.75
1 319.36 277.89 -0.26 -21.76
1 319.09 274.27 -0.3 -21.82
1 318.74 270.64 -0.33 -21.92
1 318.31 267.0 -0.31 -22.05
1 317.8 263.35 -0.35 -22.22
1 317.21 259.68 -0.33 -22.4
1 316.54 255.99 -0.34 -22.56
1 315.79 252.3 -0.32 -22.68
1 314.77 247.86 -0.35 -22.77
1 313.84 244.18 -0.28 -22.8
1 313.04 241.25 -0.3 -22.79
1 311.99 237.6 -0.3 -22.77
1 310.87 233.98 -0.3 -22.73
1 309.68 230.39 -0.3 -22.69
1 308.43 226.82 -0.3 -22.65
1 307.12 223.28 -0.28 -22.61
1 304.62 216.97 -0.26 -22.62
1 303.16 213.5 -0.25 -22.67
1 301.64 210.03 -0.25 -22.74
1 300.06 206.58 -0.24 -22.84
1 298.42 203.13 -0.2 -22.96
1 296.39 199.0 -0.2 -23.1
1 294.65 195.56 -0.2 -23.19
1 292.85 192.13 -0.23 -23.25
1 290.99 188.73 -0.25 -23.25
1 289.47 186.03 -0.21 -23.24
1 287.53 182.68 -0.2 -23.2
1 285.56 179.36 -0.18 -23.14
1 283.56 176.07 -0.2 -23.09
1 281.93 173.47 -0.2 -23.06
1 279.85 170.23 -0.2 -23.05
1 277.74 167.02 -0.2 -23.07
1 275.15 163.2 -0.18 -23.15
1 272.94 160.03 -0.2 -23.25
1 270.68 156.87 -0.17 -23.38
1 268.38 153.71 -0.15 -23.53
1 266.02 150.56 -0.15 -23.68
1 263.63 147.41 -0.09 -23.83
1 261.2 144.26 -0.1 -23.94
1 258.74 141.11 -0.15 -24.01
1 256.23 138.0 -0.18 -24.03
1 253.69 134.9 -0.13 -24.01
1 251.14 131.83 -0.1 -23.97
1 248.56 128.78 -0.1 -23.92
1 240.69 119.82 -0.16 -23.87
1 238.02 116.87 -0.11 -23.92
1 235.31 113.94 -0.14 -23.99
1 232.57 111.02 -0.15 -24.07
1 229.79 108.13 -0.15 -24.14
1 226.98 105.25 -0.16 -24.2
1 224.13 102.39 -0.11 -24.22
1 221.27 99.54 -0.11 -24.21
1 218.39 96.73 -0.14 -24.17
1 215.48 93.95 -0.15 -24.11
1 212.56 91.2 -0.16 -24.06
1 209.62 88.49 -0.11 -24.01
1 206.67 85.8 -0.09 -23.99
1 203.69 83.13 -0.14 -24.0
1 198.27 78.39 -0.14 -24.07
1 192.12 73.2 -0.16 -24.24
1 188.99 70.64 -0.12 -24.36
1 185.19 67.57 -0.15 -24.52
1 182.62 65.54 -0.15 -24.65
1 179.36 63.01 -0.16 -24.81
1 176.06 60.5 -0.19 -24.98
1 172.71 58.01 -0.21 -25.15
1 169.3 55.54 -0.16 -25.34
1 165.85 53.09 -0.16 -25.52
1 162.35 50.66 -0.15 -25.7
1 158.8 48.24 -0.15 -25.89
1 155.19 45.84 -0.21 -26.08
1 151.53 43.48 -0.19 -26.27
1 148.56 41.61 -0.2 -26.41
1 144.03 38.84 -0.21 -26.64
1 140.2 36.58 -0.2 -26.82
1 136.31 34.34 -0.21 -27.01
1 133.16 32.58 -0.21 -27.16
1 129.17 30.41 -0.21 -27.34
1 124.3 27.87 -0.22 -27.57
1 120.19 25.79 -0.21 -27.74
1 116.03 23.76 -0.22 -27.89
1 112.66 22.17 -0.25 -27.97
1 108.41 20.25 -0.3 -28.05
1 104.11 18.41 -0.33 -28.07
1 99.77 16.65 -0.32 -28.07
1 95.41 14.97 -0.3 -28.03
1 86.62 11.89 -0.36 -27.88
1 82.19 10.51 -0.36 -27.85
1 78.62 9.47 -0.4 -27.86
1 73.22 8.06 -0.42 -27.92
1 67.77 6.81 -0.42 -28.03
1 62.25 5.73 -0.42 -28.14
1 57.62 4.97 -0.42 -28.22
1 52.95 4.32 -0.43 -28.27
1 42.64 3.32 -0.42 -28.21
1 39.83 3.16 -0.41 -28.17
1 33.27 2.92 -0.33 -28.09
1 28.6 2.85 -0.21 -27.91
1 23.97 2.82 -0.11 -27.66
1 20.3 2.81 0.01 -27.51
1 11.16 2.69 0.17 -27.35
1 1.14 2.27 0.28 -27.41
1 -2.51 2.03 0.28 -27.45
1 -7.99 1.55 0.34 -27.46
1 -12.53 1.04 0.27 -27.44
1 -17.07 0.46 0.28 -27.41
1 -21.58 -0.19 0.29 -27.38
1 -26.09 -0.93 0.28 -27.37
1 -30.58 -1.74 0.28 -27.39
1 -35.06 -2.63 0.27 -27.45
1 -39.54 -3.6 0.23 -27.54
1 -49.42 -5.92 0.18 -27.81
1 -53.02 -6.83 0.18 -27.9
1 -57.52 -8.01 0.18 -28.0
1 -61.13 -9.0 0.18 -28.05
1 -66.52 -10.55 0.23 -28.09
1 -71.0 -11.92 0.24 -28.08
1 -79.88 -14.84 0.23 -28.01
1 -84.28 -16.39 0.21 -27.96
1 -89.52 -18.32 0.21 -27.85
1 -92.98 -19.65 0.17 -27.77
1 -97.27 -21.35 0.21 -27.68
1 -101.11 -22.93 0.22 -27.61
1 -106.6 -25.29 0.23 -27.55
1 -109.95 -26.8 0.21 -27.54
1 -113.7 -28.52 0.19 -27.57
1 -117.44 -30.3 0.22 -27.63
1 -125.7 -34.43 0.23 -27.79
1 -129.8 -36.59 0.23 -27.85
1 -133.88 -38.81 0.22 -27.86
1 -137.92 -41.09 0.23 -27.8
1 -141.93 -43.41 0.21 -27.73
1 -145.89 -45.78 0.21 -27.67
1 -149.81 -48.2 0.23 -27.63
1 -153.69 -50.68 0.24 -27.61
1 -158.3 -53.71 0.17 -27.64
1 -161.35 -55.78 0.23 -27.69
1 -165.15 -58.42 0.23 -27.77
1 -168.92 -61.13 0.23 -27.88
1 -177.1 -67.32 0.28 -28.1
1 -180.76 -70.25 0.28 -28.09
1 -184.35 -73.24 0.28 -27.99
1 -187.88 -76.28 0.33 -27.95
1 -190.65 -78.77 0.34 -27.95
1 -194.06 -81.95 0.37 -27.99
1 -196.73 -84.56 0.38 -28.04
1 -200.66 -88.58 0.37 -28.15
1 -203.85 -92.03 0.38 -28.24
1 -206.95 -95.58 0.38 -28.3
1 -209.95 -99.21 0.4 -28.29
1 -212.85 -102.93 0.42 -28.23
1 -218.31 -110.56 0.37 -28.08
1 -220.38 -113.67 0.34 -28.04
1 -222.88 -117.61 0.38 -27.96
1 -225.28 -121.6 0.29 -27.9
1 -227.61 -125.62 0.28 -27.89
1 -232.5 -134.63 0.23 -28.02
1 -234.22 -137.95 0.17 -28.09
1 -236.34 -142.13 0.18 -28.18
1 -238.41 -146.35 0.18 -28.25
1 -240.45 -150.6 0.18 -28.29
1 -242.43 -154.88 0.17 -28.27
1 -244.38 -159.16 0.08 -28.21
1 -246.31 -163.44 0.08 -28.13
1 -248.21 -167.72 0.08 -28.07
1 -249.71 -171.15 0.08 -28.03
1 -253.04 -178.87 0.08 -28.02
